=== PREDICTION ACCURACY (TEST SET 2019): Model_1 ===
      RMSE     MAE      RMSPE       MAPE Mean_CI_Length
1 1428.515 1137.46 0.04853054 0.03603891       9408.339

Monthly Comparison:
           LowLim   Predic UpperLim    V1        obs        error
Jan 2019 31348.79 34357.86 37655.76 35235   877.1428  0.024894076
Feb 2019 30780.32 33873.59 37277.73 33538  -335.5927 -0.010006342
Mar 2019 33469.36 37153.47 41243.10 37374   220.5319  0.005900676
Apr 2019 32573.83 36626.25 41182.82 34779 -1847.2470 -0.053113861
May 2019 33689.77 38139.78 43177.58 37242  -897.7802 -0.024106660
Jun 2019 31138.23 35537.82 40559.03 33894 -1643.8157 -0.048498722
Jul 2019 30734.70 35354.98 40669.82 32808 -2546.9803 -0.077632903
Aug 2019 23238.06 26913.29 31169.78 24074 -2839.2918 -0.117940175
Sep 2019 29273.32 34136.36 39807.27 32930 -1206.3571 -0.036633983
Oct 2019 32685.78 38365.06 45031.15 38912   546.9357  0.014055708
Nov 2019 31049.72 36670.60 43309.00 36547  -123.5963 -0.003381844
Dec 2019 28655.62 34047.76 40454.53 34612   564.2435  0.016301962
