=== PREDICTION ACCURACY (TEST SET 2019): Model_2 ===
      RMSE      MAE      RMSPE     MAPE Mean_CI_Length
1 1335.458 1096.295 0.04523207 0.034493        8019.05

Monthly Comparison:
           LowLim   Predic UpperLim    V1        obs        error
Jan 2019 30921.99 33893.04 37149.56 35235  1341.9555  0.038085867
Feb 2019 30572.64 33671.04 37083.46 33538  -133.0404 -0.003966856
Mar 2019 33428.77 36985.04 40919.64 37374   388.9587  0.010407201
Apr 2019 32681.30 36316.28 40355.57 34779 -1537.2841 -0.044201504
May 2019 33971.15 37908.21 42301.56 37242  -666.2118 -0.017888724
Jun 2019 31496.83 35289.35 39538.53 33894 -1395.3507 -0.041168075
Jul 2019 31225.61 35122.18 39504.99 32808 -2314.1822 -0.070537130
Aug 2019 23674.01 26728.92 30178.05 24074 -2654.9244 -0.110281816
Sep 2019 29945.06 33933.19 38452.46 32930 -1003.1870 -0.030464227
Oct 2019 33507.50 38105.37 43334.14 38912   806.6348  0.020729718
Nov 2019 31902.06 36405.39 41544.42 36547   141.6054  0.003874612
Dec 2019 29554.00 33839.80 38747.11 34612   772.2020  0.022310240
